1.0000,0.9603,0.8527,0.8654,0.8370,0.7815,0.7031,0.7028,0.6685,0.5992,0.5444,0.5331,0.4837,0.4260,0.3929,0.3745,0.3315,0.2836,0.2873,0.2652,0.2343,0.2051,0.2067,0.1841,0.1625,0.7230,0.5381,0.2520,0.8481,0.7868,0.6687,0.6330,0.5923,0.5678,0.5003,0.4737,0.4521,0.4493,0.3511,0.3360,0.3342,0.3421,0.2309,0.2284,0.2334,0.2456,0.1703,0.1713,0.1832,0.1927,0.1508,0.1516,0.1386,0.1840,0.1623,0.1476
0.9603,1.0000,0.8455,0.9194,0.9420,0.9121,0.7139,0.7806,0.7984,0.7538,0.5674,0.6133,0.6062,0.5638,0.4204,0.4422,0.4265,0.3861,0.3153,0.3157,0.2988,0.2730,0.2321,0.2252,0.1853,0.8473,0.6826,0.3456,0.7947,0.7980,0.7610,0.6809,0.5953,0.5302,0.6103,0.5385,0.4712,0.4270,0.4494,0.3984,0.3600,0.3329,0.3048,0.2788,0.2583,0.2454,0.2221,0.2095,0.2064,0.1994,0.1788,0.1628,0.1543,0.2469,0.2029,0.1692
0.8527,0.8455,1.0000,0.9602,0.8533,0.7142,0.9581,0.9147,0.7921,0.6280,0.8441,0.7946,0.6656,0.5155,0.6856,0.6318,0.5195,0.3953,0.5309,0.4795,0.4005,0.3189,0.3913,0.3244,0.2949,0.5890,0.4900,0.3053,0.5743,0.5293,0.4903,0.4350,0.3935,0.3822,0.4026,0.3500,0.3215,0.3272,0.3201,0.2779,0.2654,0.2767,0.2426,0.2173,0.2108,0.2230,0.2100,0.1930,0.1973,0.2038,0.2008,0.1881,0.2003,0.2560,0.2485,0.2409
0.8654,0.9194,0.9602,1.0000,0.9602,0.8556,0.9020,0.9505,0.9042,0.7771,0.7846,0.8208,0.7618,0.6418,0.6309,0.6448,0.5862,0.4849,0.4908,0.4818,0.4358,0.3700,0.3657,0.3350,0.2818,0.7287,0.6326,0.3901,0.6021,0.5991,0.6048,0.5159,0.4401,0.3965,0.5156,0.4273,0.3640,0.3365,0.4134,0.3412,0.2998,0.2820,0.3092,0.2631,0.2352,0.2252,0.2526,0.2232,0.2132,0.2039,0.2153,0.1866,0.1977,0.3074,0.2710,0.2373
0.8370,0.9420,0.8533,0.9602,1.0000,0.9605,0.7804,0.9009,0.9453,0.8927,0.6690,0.7714,0.7946,0.7396,0.5327,0.5997,0.6045,0.5515,0.4204,0.4464,0.4388,0.4026,0.3210,0.3263,0.2577,0.8619,0.7772,0.4744,0.6303,0.6747,0.7313,0.6138,0.5039,0.4262,0.6475,0.5263,0.4253,0.3616,0.5240,0.4239,0.3506,0.3012,0.3875,0.3227,0.2720,0.2386,0.2989,0.2601,0.2364,0.2120,0.2308,0.1898,0.1956,0.3535,0.2860,0.2286
0.7815,0.9121,0.7142,0.8556,0.9605,1.0000,0.6326,0.7830,0.8995,0.9372,0.5342,0.6637,0.7498,0.7759,0.4219,0.5122,0.5666,0.5732,0.3412,0.3856,0.4091,0.4084,0.2706,0.3028,0.2304,0.9626,0.8915,0.5397,0.6679,0.7586,0.8588,0.7313,0.5950,0.4840,0.7857,0.6504,0.5164,0.4145,0.6420,0.5299,0.4277,0.3450,0.4710,0.3992,0.3290,0.2716,0.3457,0.3060,0.2723,0.2346,0.2501,0.2023,0.1985,0.3861,0.2935,0.2196
0.7031,0.7139,0.9581,0.9020,0.7804,0.6326,1.0000,0.9409,0.7933,0.6080,0.9577,0.8937,0.7342,0.5505,0.8429,0.7746,0.6283,0.4658,0.6936,0.6285,0.5216,0.4075,0.5357,0.4405,0.4097,0.5056,0.4570,0.3473,0.4455,0.4164,0.4099,0.3587,0.3229,0.3164,0.3638,0.3099,0.2825,0.2900,0.3175,0.2685,0.2533,0.2650,0.2656,0.2309,0.2199,0.2316,0.2528,0.2257,0.2262,0.2305,0.2537,0.2310,0.2623,0.3185,0.3266,0.3273
0.7028,0.7806,0.9147,0.9505,0.9009,0.7830,0.9409,1.0000,0.9421,0.7913,0.8940,0.9506,0.8833,0.7284,0.7827,0.8177,0.7483,0.6100,0.6491,0.6522,0.5955,0.5002,0.5080,0.4706,0.3973,0.6450,0.6197,0.4729,0.4543,0.4673,0.5158,0.4266,0.3553,0.3165,0.4826,0.3837,0.3165,0.2880,0.4287,0.3369,0.2848,0.2618,0.3558,0.2873,0.2453,0.2276,0.3180,0.2678,0.2454,0.2264,0.2770,0.2272,0.2594,0.4042,0.3693,0.3265
0.6685,0.7984,0.7921,0.9042,0.9453,0.8995,0.7933,0.9421,1.0000,0.9414,0.7450,0.8924,0.9416,0.8764,0.6484,0.7629,0.7922,0.7277,0.5500,0.6090,0.6158,0.5688,0.4455,0.4691,0.3672,0.7890,0.7992,0.6116,0.4750,0.5352,0.6476,0.5250,0.4170,0.3441,0.6387,0.4954,0.3830,0.3147,0.5782,0.4428,0.3473,0.2857,0.4767,0.3743,0.2971,0.2475,0.3998,0.3300,0.2840,0.2420,0.3096,0.2376,0.2635,0.4914,0.4056,0.3214
0.5992,0.7538,0.6280,0.7771,0.8927,0.9372,0.6080,0.7913,0.9414,1.0000,0.5633,0.7445,0.8837,0.9368,0.4875,0.6337,0.7408,0.7728,0.4271,0.5136,0.5723,0.5864,0.3628,0.4318,0.3212,0.8928,0.9426,0.7225,0.4923,0.6000,0.7745,0.6346,0.4951,0.3870,0.8009,0.6295,0.4722,0.3590,0.7381,0.5736,0.4326,0.3268,0.6058,0.4812,0.3678,0.2822,0.4793,0.4006,0.3332,0.2683,0.3404,0.2535,0.2665,0.5526,0.4211,0.3060
0.5444,0.5674,0.8441,0.7846,0.6690,0.5342,0.9577,0.8940,0.7450,0.5633,1.0000,0.9320,0.7620,0.5658,0.9585,0.8863,0.7203,0.5320,0.8495,0.7787,0.6508,0.5087,0.6989,0.5801,0.5536,0.4218,0.4178,0.3927,0.3376,0.3230,0.3392,0.2966,0.2680,0.2649,0.3293,0.2792,0.2544,0.2628,0.3184,0.2666,0.2502,0.2615,0.2961,0.2538,0.2386,0.2492,0.3096,0.2720,0.2682,0.2693,0.3263,0.2911,0.3476,0.3951,0.4277,0.4417
0.5331,0.6133,0.7946,0.8208,0.7714,0.6637,0.8937,0.9506,0.8924,0.7445,0.9320,1.0000,0.9337,0.7682,0.8948,0.9507,0.8806,0.7208,0.8052,0.8261,0.7661,0.6479,0.6761,0.6390,0.5507,0.5413,0.5771,0.5551,0.3378,0.3590,0.4291,0.3532,0.2937,0.2622,0.4444,0.3498,0.2865,0.2600,0.4419,0.3419,0.2850,0.2591,0.4112,0.3253,0.2719,0.2474,0.4050,0.3338,0.2985,0.2691,0.3682,0.2930,0.3532,0.5218,0.5011,0.4532
0.4837,0.6062,0.6656,0.7618,0.7946,0.7498,0.7342,0.8833,0.9416,0.8837,0.7620,0.9337,1.0000,0.9322,0.7320,0.8879,0.9429,0.8735,0.6767,0.7737,0.8012,0.7474,0.5897,0.6400,0.5062,0.6489,0.7399,0.7264,0.3329,0.3920,0.5236,0.4179,0.3275,0.2679,0.5786,0.4382,0.3314,0.2680,0.5920,0.4396,0.3346,0.2683,0.5514,0.4177,0.3191,0.2568,0.5106,0.4072,0.3374,0.2771,0.4075,0.2982,0.3527,0.6417,0.5521,0.4424
0.4260,0.5638,0.5155,0.6418,0.7396,0.7759,0.5505,0.7284,0.8764,0.9368,0.5658,0.7682,0.9322,1.0000,0.5430,0.7314,0.8811,0.9368,0.5228,0.6521,0.7494,0.7825,0.4823,0.5968,0.4492,0.7354,0.8799,0.8762,0.3448,0.4416,0.6322,0.5126,0.3958,0.3067,0.7383,0.5703,0.4196,0.3134,0.7747,0.5877,0.4309,0.3164,0.7228,0.5572,0.4107,0.3035,0.6327,0.5135,0.4113,0.3186,0.4635,0.3299,0.3680,0.7396,0.5876,0.4313
0.3929,0.4204,0.6856,0.6309,0.5327,0.4219,0.8429,0.7827,0.6484,0.4875,0.9585,0.8948,0.7320,0.5430,1.0000,0.9334,0.7645,0.5672,0.9575,0.8904,0.7531,0.5931,0.8429,0.7106,0.6961,0.3315,0.3601,0.4185,0.2421,0.2377,0.2664,0.2338,0.2126,0.2120,0.2834,0.2404,0.2198,0.2281,0.3038,0.2535,0.2371,0.2473,0.3140,0.2669,0.2485,0.2569,0.3597,0.3124,0.3037,0.3005,0.3979,0.3487,0.4350,0.4613,0.5262,0.5588
0.3745,0.4422,0.6318,0.6448,0.5997,0.5122,0.7746,0.8177,0.7629,0.6337,0.8863,0.9507,0.8879,0.7314,0.9334,1.0000,0.9339,0.7698,0.9152,0.9523,0.8949,0.7646,0.8290,0.7971,0.7088,0.4169,0.4909,0.5950,0.2374,0.2594,0.3317,0.2754,0.2314,0.2091,0.3794,0.3005,0.2479,0.2269,0.4222,0.3272,0.2730,0.2484,0.4409,0.3475,0.2886,0.2606,0.4799,0.3925,0.3467,0.3084,0.4614,0.3620,0.4560,0.6188,0.6305,0.5895
0.3315,0.4265,0.5195,0.5862,0.6045,0.5666,0.6283,0.7483,0.7922,0.7408,0.7203,0.8806,0.9429,0.8811,0.7645,0.9339,1.0000,0.9345,0.7760,0.8997,0.9447,0.8920,0.7350,0.8123,0.6663,0.4905,0.6216,0.7827,0.2297,0.2783,0.3986,0.3221,0.2561,0.2128,0.4899,0.3751,0.2871,0.2347,0.5658,0.4228,0.3234,0.2601,0.5969,0.4523,0.3445,0.2756,0.6157,0.4887,0.4009,0.3252,0.5235,0.3788,0.4684,0.7718,0.7093,0.5903
0.2836,0.3861,0.3953,0.4849,0.5515,0.5732,0.4658,0.6100,0.7277,0.7728,0.5320,0.7208,0.8735,0.9368,0.5672,0.7698,0.9345,1.0000,0.6018,0.7618,0.8875,0.9364,0.6050,0.7621,0.5951,0.5416,0.7248,0.9385,0.2295,0.3028,0.4674,0.3829,0.2995,0.2356,0.6106,0.4754,0.3532,0.2666,0.7279,0.5536,0.4069,0.2995,0.7744,0.5949,0.4358,0.3198,0.7600,0.6116,0.4838,0.3695,0.5944,0.4167,0.4888,0.8894,0.7570,0.5778
0.2873,0.3153,0.5309,0.4908,0.4204,0.3412,0.6936,0.6491,0.5500,0.4271,0.8495,0.8052,0.6767,0.5228,0.9575,0.9152,0.7760,0.6018,1.0000,0.9548,0.8362,0.6862,0.9580,0.8443,0.8488,0.2764,0.3284,0.4646,0.1892,0.1929,0.2297,0.2070,0.1919,0.1929,0.2685,0.2345,0.2179,0.2259,0.3181,0.2727,0.2573,0.2661,0.3627,0.3148,0.2940,0.2994,0.4467,0.3934,0.3806,0.3712,0.5146,0.4507,0.5678,0.5545,0.6585,0.7114
0.2652,0.3157,0.4795,0.4818,0.4464,0.3856,0.6285,0.6522,0.6090,0.5136,0.7787,0.8261,0.7737,0.6521,0.8904,0.9523,0.8997,0.7618,0.9548,1.0000,0.9556,0.8399,0.9427,0.9267,0.8640,0.3222,0.4116,0.6126,0.1795,0.2000,0.2662,0.2299,0.2004,0.1863,0.3326,0.2755,0.2361,0.2213,0.4096,0.3316,0.2857,0.2645,0.4750,0.3886,0.3312,0.3021,0.5650,0.4747,0.4251,0.3801,0.5838,0.4678,0.5946,0.7027,0.7651,0.7474
0.2343,0.2988,0.4005,0.4358,0.4388,0.4091,0.5216,0.5955,0.6158,0.5723,0.6508,0.7661,0.8012,0.7494,0.7531,0.8949,0.9447,0.8875,0.8362,0.9556,1.0000,0.9552,0.8617,0.9493,0.8328,0.3602,0.4909,0.7646,0.1717,0.2081,0.3041,0.2580,0.2160,0.1881,0.4050,0.3281,0.2657,0.2280,0.5177,0.4089,0.3297,0.2770,0.6097,0.4854,0.3872,0.3208,0.6990,0.5752,0.4862,0.4042,0.6583,0.4955,0.6203,0.8464,0.8525,0.7611
0.2051,0.2730,0.3189,0.3700,0.4026,0.4084,0.4075,0.5002,0.5688,0.5864,0.5087,0.6479,0.7474,0.7825,0.5931,0.7646,0.8920,0.9364,0.6862,0.8399,0.9552,1.0000,0.7462,0.9132,0.7746,0.3875,0.5527,0.8887,0.1720,0.2231,0.3453,0.2981,0.2477,0.2074,0.4846,0.4008,0.3192,0.2581,0.6382,0.5154,0.4053,0.3186,0.7607,0.6169,0.4801,0.3728,0.8422,0.7050,0.5815,0.4624,0.7475,0.5522,0.6605,0.9592,0.9142,0.7657
0.2067,0.2321,0.3913,0.3657,0.3210,0.2706,0.5357,0.5080,0.4455,0.3628,0.6989,0.6761,0.5897,0.4823,0.8429,0.8290,0.7350,0.6050,0.9580,0.9427,0.8617,0.7462,1.0000,0.9309,0.9585,0.2294,0.2956,0.4975,0.1497,0.1589,0.1997,0.1864,0.1771,0.1792,0.2551,0.2319,0.2201,0.2274,0.3309,0.2950,0.2824,0.2887,0.4115,0.3692,0.3480,0.3485,0.5369,0.4848,0.4690,0.4515,0.6399,0.5645,0.7065,0.6354,0.7788,0.8504
0.1841,0.2252,0.3244,0.3350,0.3263,0.3028,0.4405,0.4706,0.4691,0.4318,0.5801,0.6390,0.6400,0.5968,0.7106,0.7971,0.8123,0.7621,0.8443,0.9267,0.9493,0.9132,0.9309,1.0000,0.9548,0.2745,0.3837,0.6842,0.1476,0.1741,0.2458,0.2246,0.2031,0.1895,0.3403,0.3013,0.2668,0.2469,0.4629,0.4008,0.3534,0.3201,0.5873,0.5100,0.4429,0.3935,0.7320,0.6449,0.5808,0.5106,0.7776,0.6352,0.7789,0.8365,0.9308,0.9087
0.1625,0.1853,0.2949,0.2818,0.2577,0.2304,0.4097,0.3973,0.3672,0.3212,0.5536,0.5507,0.5062,0.4492,0.6961,0.7088,0.6663,0.5951,0.8488,0.8640,0.8328,0.7746,0.9585,0.9548,1.0000,0.2090,0.2849,0.5355,0.1353,0.1496,0.1946,0.1903,0.1865,0.1894,0.2657,0.2555,0.2496,0.2557,0.3670,0.3466,0.3392,0.3416,0.4823,0.4560,0.4384,0.4316,0.6442,0.6069,0.5926,0.5653,0.7811,0.7040,0.8484,0.7102,0.8801,0.9582
0.7230,0.8473,0.5890,0.7287,0.8619,0.9626,0.5056,0.6450,0.7890,0.8928,0.4218,0.5413,0.6489,0.7354,0.3315,0.4169,0.4905,0.5416,0.2764,0.3222,0.3602,0.3875,0.2294,0.2745,0.2090,1.0000,0.9338,0.5625,0.7213,0.8448,0.9587,0.8556,0.7153,0.5797,0.8950,0.7850,0.6400,0.5059,0.7369,0.6473,0.5344,0.4233,0.5394,0.4850,0.4093,0.3326,0.3843,0.3578,0.3234,0.2776,0.2742,0.2287,0.2101,0.3965,0.2950,0.2158
0.5381,0.6826,0.4900,0.6326,0.7772,0.8915,0.4570,0.6197,0.7992,0.9426,0.4178,0.5771,0.7399,0.8799,0.3601,0.4909,0.6216,0.7248,0.3284,0.4116,0.4909,0.5527,0.2956,0.3837,0.2849,0.9338,1.0000,0.7659,0.5353,0.6801,0.8850,0.7671,0.6176,0.4793,0.9417,0.7935,0.6131,0.4559,0.8787,0.7359,0.5688,0.4184,0.7208,0.6145,0.4821,0.3611,0.5498,0.4882,0.4128,0.3298,0.3829,0.2950,0.2862,0.5752,0.4258,0.2999
0.2520,0.3456,0.3053,0.3901,0.4744,0.5397,0.3473,0.4729,0.6116,0.7225,0.3927,0.5551,0.7264,0.8762,0.4185,0.5950,0.7827,0.9385,0.4646,0.6126,0.7646,0.8887,0.4975,0.6842,0.5355,0.5625,0.7659,1.0000,0.2490,0.3424,0.5328,0.4638,0.3759,0.2944,0.7189,0.6031,0.4637,0.3433,0.8717,0.7183,0.5434,0.3905,0.9313,0.7718,0.5827,0.4183,0.8849,0.7597,0.6127,0.4652,0.6823,0.4969,0.5368,0.9355,0.7768,0.5768
0.8481,0.7947,0.5743,0.6021,0.6303,0.6679,0.4455,0.4543,0.4750,0.4923,0.3376,0.3378,0.3329,0.3448,0.2421,0.2374,0.2297,0.2295,0.1892,0.1795,0.1717,0.1720,0.1497,0.1476,0.1353,0.7213,0.5353,0.2490,1.0000,0.9575,0.7845,0.8405,0.8598,0.8478,0.6026,0.6646,0.6980,0.7024,0.4282,0.4827,0.5258,0.5431,0.2818,0.3261,0.3657,0.3899,0.1999,0.2295,0.2628,0.2846,0.1815,0.2028,0.1604,0.1812,0.1595,0.1448
0.7868,0.7980,0.5293,0.5991,0.6747,0.7586,0.4164,0.4673,0.5352,0.6000,0.3230,0.3590,0.3920,0.4416,0.2377,0.2594,0.2783,0.3028,0.1929,0.2000,0.2081,0.2231,0.1589,0.1741,0.1496,0.8448,0.6801,0.3424,0.9575,1.0000,0.9168,0.9469,0.9172,0.8427,0.7599,0.8003,0.7815,0.7166,0.5688,0.6095,0.6110,0.5694,0.3864,0.4240,0.4369,0.4200,0.2690,0.2957,0.3149,0.3141,0.2225,0.2286,0.1831,0.2436,0.1993,0.1654
0.6687,0.7610,0.4903,0.6048,0.7313,0.8588,0.4099,0.5158,0.6476,0.7745,0.3392,0.4291,0.5236,0.6322,0.2664,0.3317,0.3986,0.4674,0.2297,0.2662,0.3041,0.3453,0.1997,0.2458,0.1946,0.9587,0.8850,0.5328,0.7845,0.9168,1.0000,0.9605,0.8529,0.7143,0.9379,0.9005,0.7856,0.6398,0.7759,0.7507,0.6628,0.5408,0.5700,0.5627,0.5083,0.4260,0.4038,0.4063,0.3868,0.3434,0.3002,0.2694,0.2299,0.3807,0.2896,0.2170
0.6330,0.6809,0.4350,0.5159,0.6138,0.7313,0.3587,0.4266,0.5250,0.6346,0.2966,0.3532,0.4179,0.5126,0.2338,0.2754,0.3221,0.3829,0.2070,0.2299,0.2580,0.2981,0.1864,0.2246,0.1903,0.8556,0.7671,0.4638,0.8405,0.9469,0.9605,1.0000,0.9598,0.8554,0.8891,0.9425,0.9014,0.7865,0.7358,0.7911,0.7681,0.6735,0.5454,0.5969,0.5929,0.5338,0.3947,0.4322,0.4433,0.4195,0.3202,0.3168,0.2546,0.3448,0.2792,0.2236
0.5923,0.5953,0.3935,0.4401,0.5039,0.5950,0.3229,0.3553,0.4170,0.4951,0.2680,0.2937,0.3275,0.3958,0.2126,0.2314,0.2561,0.2995,0.1919,0.2004,0.2160,0.2477,0.1771,0.2031,0.1865,0.7153,0.6176,0.3759,0.8598,0.9172,0.8529,0.9598,1.0000,0.9605,0.7714,0.8998,0.9501,0.9045,0.6368,0.7580,0.8166,0.7850,0.4775,0.5774,0.6361,0.6273,0.3583,0.4255,0.4739,0.4842,0.3239,0.3556,0.2728,0.2946,0.2589,0.2263
0.5678,0.5302,0.3822,0.3965,0.4262,0.4840,0.3164,0.3165,0.3441,0.3870,0.2649,0.2622,0.2679,0.3067,0.2120,0.2091,0.2128,0.2356,0.1929,0.1863,0.1881,0.2074,0.1792,0.1895,0.1894,0.5797,0.4793,0.2944,0.8478,0.8427,0.7143,0.8554,0.9605,1.0000,0.6251,0.7869,0.9119,0.9579,0.5130,0.6620,0.7884,0.8415,0.3898,0.5107,0.6212,0.6788,0.3078,0.3897,0.4703,0.5218,0.3137,0.3794,0.2849,0.2454,0.2374,0.2297
0.5003,0.6103,0.4026,0.5156,0.6475,0.7857,0.3638,0.4826,0.6387,0.8009,0.3293,0.4444,0.5786,0.7383,0.2834,0.3794,0.4899,0.6106,0.2685,0.3326,0.4050,0.4846,0.2551,0.3403,0.2657,0.8950,0.9417,0.7189,0.6026,0.7599,0.9379,0.8891,0.7714,0.6251,1.0000,0.9409,0.7912,0.6128,0.9365,0.8824,0.7422,0.5689,0.7709,0.7366,0.6295,0.4921,0.5851,0.5713,0.5157,0.4308,0.4304,0.3634,0.3230,0.5500,0.4199,0.3060
0.4737,0.5385,0.3500,0.4273,0.5263,0.6504,0.3099,0.3837,0.4954,0.6295,0.2792,0.3498,0.4382,0.5703,0.2404,0.3005,0.3751,0.4754,0.2345,0.2755,0.3281,0.4008,0.2319,0.3013,0.2555,0.7850,0.7935,0.6031,0.6646,0.8003,0.9005,0.9425,0.8998,0.7869,0.9409,1.0000,0.9416,0.7937,0.8774,0.9416,0.8904,0.7459,0.7269,0.7887,0.7581,0.6476,0.5641,0.6114,0.6055,0.5474,0.4610,0.4393,0.3619,0.4826,0.3970,0.3137
0.4521,0.4712,0.3215,0.3640,0.4253,0.5164,0.2825,0.3165,0.3830,0.4722,0.2544,0.2865,0.3314,0.4196,0.2198,0.2479,0.2871,0.3532,0.2179,0.2361,0.2657,0.3192,0.2201,0.2668,0.2496,0.6400,0.6131,0.4637,0.6980,0.7815,0.7856,0.9014,0.9501,0.9119,0.7912,0.9416,1.0000,0.9407,0.7301,0.8838,0.9494,0.8935,0.6095,0.7448,0.8130,0.7795,0.4935,0.5890,0.6459,0.6434,0.4605,0.4986,0.3890,0.3944,0.3588,0.3163
0.4493,0.4270,0.3272,0.3365,0.3616,0.4145,0.2900,0.2880,0.3147,0.3590,0.2628,0.2600,0.2680,0.3134,0.2281,0.2269,0.2347,0.2666,0.2259,0.2213,0.2280,0.2581,0.2274,0.2469,0.2557,0.5059,0.4559,0.3433,0.7024,0.7166,0.6398,0.7865,0.9045,0.9579,0.6128,0.7937,0.9407,1.0000,0.5563,0.7369,0.8920,0.9569,0.4683,0.6262,0.7695,0.8390,0.4024,0.5161,0.6235,0.6881,0.4341,0.5275,0.4035,0.3133,0.3202,0.3200
0.3511,0.4494,0.3201,0.4134,0.5240,0.6420,0.3175,0.4287,0.5782,0.7381,0.3184,0.4419,0.5920,0.7747,0.3038,0.4222,0.5658,0.7279,0.3181,0.4096,0.5177,0.6382,0.3309,0.4629,0.3670,0.7369,0.8787,0.8717,0.4282,0.5688,0.7759,0.7358,0.6368,0.5130,0.9365,0.8774,0.7301,0.5563,1.0000,0.9328,0.7689,0.5738,0.9362,0.8801,0.7312,0.5515,0.7842,0.7519,0.6578,0.5302,0.5967,0.4860,0.4530,0.7362,0.5864,0.4319
0.3360,0.3984,0.2779,0.3412,0.4239,0.5299,0.2685,0.3369,0.4428,0.5736,0.2666,0.3419,0.4396,0.5877,0.2535,0.3272,0.4228,0.5536,0.2727,0.3316,0.4089,0.5154,0.2950,0.4008,0.3466,0.6473,0.7359,0.7183,0.4827,0.6095,0.7507,0.7911,0.7580,0.6620,0.8824,0.9416,0.8838,0.7369,0.9328,1.0000,0.9343,0.7665,0.8743,0.9418,0.8875,0.7362,0.7462,0.8003,0.7735,0.6789,0.6335,0.5876,0.5038,0.6334,0.5447,0.4366
0.3342,0.3600,0.2654,0.2998,0.3506,0.4277,0.2533,0.2848,0.3473,0.4326,0.2502,0.2850,0.3346,0.4309,0.2371,0.2730,0.3234,0.4069,0.2573,0.2857,0.3297,0.4053,0.2824,0.3534,0.3392,0.5344,0.5688,0.5434,0.5258,0.6110,0.6628,0.7681,0.8166,0.7884,0.7422,0.8904,0.9494,0.8920,0.7689,0.9343,1.0000,0.9319,0.7209,0.8790,0.9492,0.8938,0.6410,0.7605,0.8204,0.8005,0.6265,0.6663,0.5398,0.5087,0.4867,0.4389
0.3421,0.3329,0.2767,0.2820,0.3012,0.3450,0.2650,0.2618,0.2857,0.3268,0.2615,0.2591,0.2683,0.3164,0.2473,0.2484,0.2601,0.2995,0.2661,0.2645,0.2770,0.3186,0.2887,0.3201,0.3416,0.4233,0.4184,0.3905,0.5431,0.5694,0.5408,0.6735,0.7850,0.8415,0.5689,0.7459,0.8935,0.9569,0.5738,0.7665,0.9319,1.0000,0.5378,0.7213,0.8843,0.9570,0.5061,0.6480,0.7760,0.8464,0.5754,0.6928,0.5486,0.3914,0.4223,0.4350
0.2309,0.3048,0.2426,0.3092,0.3875,0.4710,0.2656,0.3558,0.4767,0.6058,0.2961,0.4112,0.5514,0.7228,0.3140,0.4409,0.5969,0.7744,0.3627,0.4750,0.6097,0.7607,0.4115,0.5873,0.4823,0.5394,0.7208,0.9313,0.2818,0.3864,0.5700,0.5454,0.4775,0.3898,0.7709,0.7269,0.6095,0.4683,0.9362,0.8743,0.7209,0.5378,1.0000,0.9353,0.7708,0.5756,0.9386,0.8914,0.7686,0.6096,0.7607,0.6090,0.5970,0.8824,0.7515,0.5743
0.2284,0.2788,0.2173,0.2631,0.3227,0.3992,0.2309,0.2873,0.3743,0.4812,0.2538,0.3253,0.4177,0.5572,0.2669,0.3475,0.4523,0.5949,0.3148,0.3886,0.4854,0.6169,0.3692,0.5100,0.4560,0.4850,0.6145,0.7718,0.3261,0.4240,0.5627,0.5969,0.5774,0.5107,0.7366,0.7887,0.7448,0.6262,0.8801,0.9418,0.8790,0.7213,0.9353,1.0000,0.9339,0.7677,0.8906,0.9445,0.8994,0.7773,0.8032,0.7318,0.6602,0.7596,0.6967,0.5789
0.2334,0.2583,0.2108,0.2352,0.2720,0.3290,0.2199,0.2453,0.2971,0.3678,0.2386,0.2719,0.3191,0.4107,0.2485,0.2886,0.3445,0.4358,0.2940,0.3312,0.3872,0.4801,0.3480,0.4429,0.4384,0.4093,0.4821,0.5827,0.3657,0.4369,0.5083,0.5929,0.6361,0.6212,0.6295,0.7581,0.8130,0.7695,0.7312,0.8875,0.9492,0.8843,0.7708,0.9339,1.0000,0.9333,0.7588,0.8911,0.9482,0.9118,0.7842,0.8203,0.6965,0.6043,0.6137,0.5720
0.2456,0.2454,0.2230,0.2252,0.2386,0.2716,0.2316,0.2276,0.2475,0.2822,0.2492,0.2474,0.2568,0.3035,0.2569,0.2606,0.2756,0.3198,0.2994,0.3021,0.3208,0.3728,0.3485,0.3935,0.4316,0.3326,0.3611,0.4183,0.3899,0.4200,0.4260,0.5338,0.6273,0.6788,0.4921,0.6476,0.7795,0.8390,0.5515,0.7362,0.8938,0.9570,0.5756,0.7677,0.9333,1.0000,0.5939,0.7537,0.8906,0.9572,0.7094,0.8408,0.6942,0.4600,0.5235,0.5548
0.1703,0.2221,0.2100,0.2526,0.2989,0.3457,0.2528,0.3180,0.3998,0.4793,0.3096,0.4050,0.5106,0.6327,0.3597,0.4799,0.6157,0.7600,0.4467,0.5650,0.6990,0.8422,0.5369,0.7320,0.6442,0.3843,0.5498,0.8849,0.1999,0.2690,0.4038,0.3947,0.3583,0.3078,0.5851,0.5641,0.4935,0.4024,0.7842,0.7462,0.6410,0.5061,0.9386,0.8906,0.7588,0.5939,1.0000,0.9554,0.8418,0.6866,0.9079,0.7434,0.7686,0.9528,0.9039,0.7534
0.1713,0.2095,0.1930,0.2232,0.2601,0.3060,0.2257,0.2678,0.3300,0.4006,0.2720,0.3338,0.4072,0.5135,0.3124,0.3925,0.4887,0.6116,0.3934,0.4747,0.5752,0.7050,0.4848,0.6449,0.6069,0.3578,0.4882,0.7597,0.2295,0.2957,0.4063,0.4322,0.4255,0.3897,0.5713,0.6114,0.5890,0.5161,0.7519,0.8003,0.7605,0.6480,0.8914,0.9445,0.8911,0.7537,0.9554,1.0000,0.9557,0.8360,0.9427,0.8584,0.8262,0.8390,0.8422,0.7493
0.1832,0.2064,0.1973,0.2132,0.2364,0.2723,0.2262,0.2454,0.2840,0.3332,0.2682,0.2985,0.3374,0.4113,0.3037,0.3467,0.4009,0.4838,0.3806,0.4251,0.4862,0.5815,0.4690,0.5808,0.5926,0.3234,0.4128,0.6127,0.2628,0.3149,0.3868,0.4433,0.4739,0.4703,0.5157,0.6055,0.6459,0.6235,0.6578,0.7735,0.8204,0.7760,0.7686,0.8994,0.9482,0.8906,0.8418,0.9557,1.0000,0.9555,0.9253,0.9425,0.8635,0.7017,0.7630,0.7447
0.1927,0.1994,0.2038,0.2039,0.2120,0.2346,0.2305,0.2264,0.2420,0.2683,0.2693,0.2691,0.2771,0.3186,0.3005,0.3084,0.3252,0.3695,0.3712,0.3801,0.4042,0.4624,0.4515,0.5106,0.5653,0.2776,0.3298,0.4652,0.2846,0.3141,0.3434,0.4195,0.4842,0.5218,0.4308,0.5474,0.6434,0.6881,0.5302,0.6789,0.8005,0.8464,0.6096,0.7773,0.9118,0.9572,0.6866,0.8360,0.9555,1.0000,0.8447,0.9572,0.8479,0.5542,0.6568,0.7083
0.1508,0.1788,0.2008,0.2153,0.2308,0.2501,0.2537,0.2770,0.3096,0.3404,0.3263,0.3682,0.4075,0.4635,0.3979,0.4614,0.5235,0.5944,0.5146,0.5838,0.6583,0.7475,0.6399,0.7776,0.7811,0.2742,0.3829,0.6823,0.1815,0.2225,0.3002,0.3202,0.3239,0.3137,0.4304,0.4610,0.4605,0.4341,0.5967,0.6335,0.6265,0.5754,0.7607,0.8032,0.7842,0.7094,0.9079,0.9427,0.9253,0.8447,1.0000,0.9322,0.9570,0.8349,0.9304,0.9100
0.1516,0.1628,0.1881,0.1866,0.1898,0.2023,0.2310,0.2272,0.2376,0.2535,0.2911,0.2930,0.2982,0.3299,0.3487,0.3620,0.3788,0.4167,0.4507,0.4678,0.4955,0.5522,0.5645,0.6352,0.7040,0.2287,0.2950,0.4969,0.2028,0.2286,0.2694,0.3168,0.3556,0.3794,0.3634,0.4393,0.4986,0.5275,0.4860,0.5876,0.6663,0.6928,0.6090,0.7318,0.8203,0.8408,0.7434,0.8584,0.9425,0.9572,0.9322,1.0000,0.9581,0.6345,0.7770,0.8478
0.1386,0.1543,0.2003,0.1977,0.1956,0.1985,0.2623,0.2594,0.2635,0.2665,0.3476,0.3532,0.3527,0.3680,0.4350,0.4560,0.4684,0.4888,0.5678,0.5946,0.6203,0.6605,0.7065,0.7789,0.8484,0.2101,0.2862,0.5368,0.1604,0.1831,0.2299,0.2546,0.2728,0.2849,0.3230,0.3619,0.3890,0.4035,0.4530,0.5038,0.5398,0.5486,0.5970,0.6602,0.6965,0.6942,0.7686,0.8262,0.8635,0.8479,0.9570,0.9581,1.0000,0.7110,0.8802,0.9576
0.1840,0.2469,0.2560,0.3074,0.3535,0.3861,0.3185,0.4042,0.4914,0.5526,0.3951,0.5218,0.6417,0.7396,0.4613,0.6188,0.7718,0.8894,0.5545,0.7027,0.8464,0.9592,0.6354,0.8365,0.7102,0.3965,0.5752,0.9355,0.1812,0.2436,0.3807,0.3448,0.2946,0.2454,0.5500,0.4826,0.3944,0.3133,0.7362,0.6334,0.5087,0.3914,0.8824,0.7596,0.6043,0.4600,0.9528,0.8390,0.7017,0.5542,0.8349,0.6345,0.7110,1.0000,0.9336,0.7636
0.1623,0.2029,0.2485,0.2710,0.2860,0.2935,0.3266,0.3693,0.4056,0.4211,0.4277,0.5011,0.5521,0.5876,0.5262,0.6305,0.7093,0.7570,0.6585,0.7651,0.8525,0.9142,0.7788,0.9308,0.8801,0.2950,0.4258,0.7768,0.1595,0.1993,0.2896,0.2792,0.2589,0.2374,0.4199,0.3970,0.3588,0.3202,0.5864,0.5447,0.4867,0.4223,0.7515,0.6967,0.6137,0.5235,0.9039,0.8422,0.7630,0.6568,0.9304,0.7770,0.8802,0.9336,1.0000,0.9342
0.1476,0.1692,0.2409,0.2373,0.2286,0.2196,0.3273,0.3265,0.3214,0.3060,0.4417,0.4532,0.4424,0.4313,0.5588,0.5895,0.5903,0.5778,0.7114,0.7474,0.7611,0.7657,0.8504,0.9087,0.9582,0.2158,0.2999,0.5768,0.1448,0.1654,0.2170,0.2236,0.2263,0.2297,0.3060,0.3137,0.3163,0.3200,0.4319,0.4366,0.4389,0.4350,0.5743,0.5789,0.5720,0.5548,0.7534,0.7493,0.7447,0.7083,0.9100,0.8478,0.9576,0.7636,0.9342,1.0000
